22.4018
62.6995
61.4761
53.482
38.9466
49.7013
42.6276
54.4167
51.6722
61.7731
53.5938
83.2496
67.3298
51.5941
55.1963
60.8775
71.347
46.9485
62.3349
57.1825
54.0034
55.0733
55.8404
35.663
45.3932
57.4317
53.9096
55.0327
45.6467
74.5828
42.0983
41.2145
51.4637
35.4704
32.6519
48.4403
54.9927
60.3588
58.3766
28.9156
59.8394
48.8758
47.8129
77.5867
50.4942
52.9242
47.5865
55.7582
49.1831
49.4013
46.7342
51.1269
37.5736
45.6525
56.4266
31.7473
49.602
48.4665
45.5611
51.8196
53.5185
61.9882
35.9494
51.8341
56.9503
47.8181
45.5881
40.5279
37.4764
64.0867
52.8582
43.9188
36.2462
49.1602
55.3658
50.5259
50.9219
44.3483
39.0227
44.9024
43.0734
60.1825
53.0391
43.1666
80.117
46.2273
48.945
59.6646
64.7759
69.2199
48.8161
60.1592
45.776
44.5756
57.0831
36.7321
45.2458
50.9866
44.013
28.2907
32.4748
33.4383
46.4424
60.4608
59.357
34.337
44.7582
72.2328
44.7953
61.9352
38.0674
42.7613
55.8235
47.8527
17.8058
52.4913
55.0928
46.0165
39.0288
67.1302
33.6068
46.4394
38.7558
44.9169
71.7896
32.6729
49.5497
42.1599
63.1322
53.8478
57.8014
36.5556
55.655
40.5665
54.0703
62.4103
40.2483
57.1039
35.3384
58.1369
55.3039
41.2668
53.1054
46.5843
56.7686
39.7942
44.1624
50.3619
76.308
41.2908
46.7949
59.3802
42.1732
29.8035
52.6749
52.9158
58.078
55.3432
37.9347
64.3795
41.5629
55.1159
37.8913
54.3658
43.2096
57.7231
59.2139
40.9078
50.8241
49.5541
49.0191
51.6265
47.227
65.4965
36.2698
43.117
43.6819
51.467
50.8432
34.012
70.4559
44.9234
60.5341
48.971
49.4102
46.8237
48.5595
61.8192
74.7064
54.8797
37.5946
42.3856
43.593
48.4886
38.2309
45.1311
67.4378
41.355
40.949
48.6507
39.2371
61.3517
59.9742
46.3982
52.651
56.1571
54.794
53.351
49.5715
43.9407
44.2854
51.1083
64.4213
56.9479
53.7481
58.7643
61.0465
48.0046
60.222
40.3761
56.4677
51.3859
69.6089
33.193
46.7535
56.8245
62.2796
49.5005
38.9564
36.9143
50.8163
44.8902
47.7804
38.781
44.3598
46.9602
42.6428
59.3757
49.9013
48.3263
44.4232
49.9156
59.8069
43.8536
41.6385
52.7754
38.2183
52.8148
60.0807
54.0263
35.321
41.5062
45.5313
47.8175
38.585
38.5171
52.6286
46.7998
46.7771
57.3072
54.4408
67.3615
40.637
71.778
42.41
50.9261
56.5657
38.0175
43.5075
44.6273
48.0819
27.4046
53.1974
69.7818
58.5374
45.0191
44.1395
56.7902
60.879
50.2812
37.9918
63.7684
54.6943
64.01
56.9817
69.9181
63.3073
58.8239
58.0842
23.2133
52.0261
53.418
50.8425
51.8135
56.6922
45.8696
67.9951
42.5451
64.4681
52.8818
58.4164
28.9347
51.504
55.4
47.4078
51.0265
28.2526
49.4764
52.4214
56.9463
68.9371
65.1588
50.8603
47.6746
50.6763
56.708
52.1492
63.2428
57.8447
27.4058
60.8974
52.1599
61.5929
50.5125
53.876
35.3425
58.7277
46.1187
47.9505
52.6247
40.7126
54.5942
50.8954
53.4068
56.6325
54.0757
57.2465
62.779
58.3303
44.1189
61.0614
51.9668
45.4381
61.5936
64.6952
62.6917
31.6149
63.0023
62.8102
49.8274
50.0114
46.1466
52.3468
46.9311
50.5715
45.2341
40.4917
65.513
34.868
65.1013
68.0946
55.598
60.2594
58.2223
40.4629
51.1806
50.3641
33.1308
18.3054
45.8691
45.973
51.2685
41.4787
61.7991
73.2709
54.3978
52.9253
64.1355
34.0302
35.6635
51.8613
44.8715
39.7271
46.8482
52.6381
53.1326
67.7441
38.6681
34.29
52.0688
55.1486
61.2017
51.6054
41.0984
44.9564
55.7534
54.1293
46.1232
49.0354
50.094
62.6993
59.7442
47.1041
47.4956
57.6964
43.8701
35.6163
50.7282
59.1913
49.7595
48.7287
51.4418
46.898
41.583
48.8256
44.068
57.5505
37.1864
42.893
28.7338
47.6836
46.6892
65.9629
52.2118
57.2735
55.9494
35.125
47.7516
47.7871
55.4043
56.8238
51.0437
61.198
48.9382
35.5752
24.3035
33.3939
33.4585
56.4293
44.6169
46.3013
50.8308
48.3267
38.4414
46.3462
48.1643
43.4904
57.6779
51.2569
57.7749
74.9647
45.9874
62.4115
53.9682
55.5556
52.1371
48.5529
47.4517
51.029
65.6103
53.4489
63.6005
46.2298
54.5983
47.8503
61.8655
30.2248
48.897
52.6904
52.0026
55.9869
46.8026
63.2882
45.1745
47.8579
66.3555
52.1113
60.7828
51.3988
41.8672
46.2953
54.7533
56.9948
48.3967
47.2747
57.4483
59.6508
61.4651
82.5046
52.479
50.6499
51.9204
46.796
64.0563
50.8099
70.2101
53.6601
57.6776
38.0921
45.9477
67.6714
52.3908
50.7445
49.7833
66.9077
58.0126
43.6905
43.6683
64.0304
50.1621
55.6255
48.5248
20.4631
56.4288
45.1572
51.2624
49.1331
57.006
51.6796
50.7801
42.4035
41.6309
49.2182
50.5988
49.1447
52.5703
65.8084
39.5386
48.4998
44.3685
63.8957
43.7408
38.3662
64.0483
62.4013
43.9485
60.3812
53.0594
39.9057
40.4583
53.9535
55.2296
65.5114
44.3696
58.1524
56.2962
39.0583
57.3509
63.3023
43.018
49.7783
48.6509
53.5883
44.8709
59.1616
39.2183
63.3567
47.6909
42.7742
41.3672
57.0657
23.0344
45.0776
53.6106
52.0657
43.85
45.1045
57.9003
44.1331
59.542
62.7214
67.6004
47.4489
41.153
47.713
37.1372
57.2492
33.9939
52.7402
58.4708
62.0595
60.1369
40.2148
63.8178
39.6165
58.5584
41.7984
45.123
48.4921
64.6921
50.5868
52.5867
55.1884
42.8863
40.7091
50.5761
55.484
43.381
45.9348
55.9085
45.6371
52.2048
49.6219
30.9359
25.8344
60.8006
56.7046
62.6617
45.8228
55.211
56.0194
47.2931
48.6015
68.5446
60.4215
54.4108
31.8815
58.5413
56.7595
44.2636
50.1678
59.6506
68.5068
48.3487
68.9788
45.5386
56.2237
68.5161
64.8167
59.4458
43.3905
55.3922
61.8005
76.8915
30.3048
55.491
39.5534
50.5939
52.3359
58.872
62.6453
38.5515
52.3415
45.3508
52.3813
48.7956
39.2524
57.5779
51.3974
44.0861
63.4175
34.8928
54.165
34.0404
57.8934
51.902
41.5292
62.2577
55.5176
61.529
57.166
49.5067
63.3597
45.1343
54.0298
50.501
46.8284
60.7561
61.0975
55.1885
60.4633
50.1013
53.0809
23.632
47.1231
42.167
44.2264
45.6305
49.8703
52.3568
52.1879
33.6319
58.1109
45.2595
51.712
49.4585
59.1977
48.0864
25.8577
63.7985
43.937
55.4387
45.2935
49.7113
68.9656
57.206
43.5734
62.2757
57.3915
58.1259
39.1388
67.1549
62.7292
45.7585
47.577
52.6508
60.3446
42.6428
55.0722
59.1823
45.0868
40.2277
36.7763
31.6587
34.0954
36.9312
48.2997
48.7004
69.7837
51.0126
44.7504
41.3282
46.9874
52.5648
63.5303
57.5617
45.4968
66.1528
33.0941
56.8
47.6321
43.1629
65.9393
50.2161
29.9204
41.4661
44.8697
47.0518
43.5938
55.5241
43.5964
38.4027
62.9347
50.8794
59.7509
38.2388
55.5743
53.9263
50.914
39.6872
55.8693
49.7482
29.0533
35.6811
37.0255
46.7153
70.6909
47.3001
36.9199
51.1646
53.4134
58.6864
53.428
76.1378
35.2507
48.4781
38.1135
37.4594
48.9093
34.3603
36.9961
43.8246
35.8129
41.2238
37.2163
41.2135
43.0946
54.8365
30.6976
67.0273
31.6668
39.0472
50.4098
40.2657
50.2646
35.5204
43.9263
28.997
53.9811
62.0351
53.683
42.4208
50.3032
35.5484
64.1775
55.8299
58.0822
50.0177
44.1882
37.842
47.3977
60.4343
42.3344
33.0752
46.9729
56.3729
31.3106
59.603
31.8713
49.1147
47.5575
52.4834
69.0668
65.5271
51.0636
38.9659
64.2025
51.0074
34.1395
57.7416
56.1367
51.9733
44.4282
50.9734
39.1287
55.3302
43.2325
42.7028
50.5509
60.764
50.0173
38.5649
53.6027
66.4019
37.6853
50.2711
56.0401
28.3789
44.6061
50.1845
54.6937
37.9203
36.0324
44.6135
59.1171
46.3782
50.3844
34.242
70.1488
29.9563
51.6896
49.5372
44.9104
41.9065
66.4521
63.0336
61.8941
41.9618
49.7627
58.2672
36.8447
35.6373
56.7395
64.3136
63.7665
42.5817
57.7325
58.697
50.2269
45.034
54.4423
62.5351
50.771
42.2603
47.871
57.5444
50.1634
41.466
40.1969
32.1601
61.4199
41.3946
68.751
52.9026
73.4468
29.5563
73.2993
37.1076
51.2789
58.4715
56.2183
49.6569
55.8222
40.4242
45.3659
66.3686
57.4293
55.5919
39.4139
35.8663
43.5304
54.0634
45.5241
73.4553
50.5085
42.8009
55.1159
64.1835
41.9146
53.294
24.4562
54.8465
45.3983
51.7957
46.8118
59.9614
50.7226
40.0261
54.0674
48.6279
29.5692
40.8389
40.6584
55.9287
41.1314
52.6411
48.3222
42.2665
61.4074
43.7138
45.1682
38.0953
59.6609
51.6985
52.7411
52.4908
47.718
41.9996
59.1158
58.2712
65.7076
59.6004
56.3922
43.684
42.9683
60.9984
51.5781
54.6431
30.4373
39.8859
51.0038
29.3272
47.4341
44.9291
34.7812
43.2721
63.8525
40.9945
52.4168
53.0338
40.9617
54.3803
47.2869
38.4606
42.8108
35.235
49.2847
43.0382
53.8022
57.8258
39.1155
50.2764
42.0045
56.1864
47.4576
51.2386
30.3025
58.0269
67.3071
47.3423
37.2618
53.5241
48.5605
62.398
38.5642
57.5833
47.9749
56.2228
48.764
42.9036
62.713
43.2469
34.6443
42.5903
46.199
44.7438
49.9636
41.5683
46.7545
56.8409
